-4454 -3237 -3131
-4451 -3344 -3254
-4448 -3296 -3262
-4446 -3278 -3299
-4439 -3368 -3241
-4438 -3344 -3267
-4434 -3369 -3274
-4434 -3302 -3286
-4434 -3286 -3299
-4433 -3278 -3312
-4431 -3370 -3303
-4429 -3400 -3190
-4429 -3393 -3242
-4429 -3311 -3310
-4429 -3303 -3319
-4428 -3442 -3312
-4428 -3211 -3328
-4426 -3304 -3348
-4425 -3314 -3353
-4422 -3364 -3320
-4422 -3315 -3382
-4420 -3357 -3331
-4419 -3502 -3236
-4419 -3446 -3267
-4419 -3365 -3349
-4417 -3376 -3327
-4416 -3466 -3299
-4416 -3450 -3312
-4416 -3386 -3332
-4415 -3442 -3325
-4413 -3463 -3322
-4413 -3387 -3361
-4413 -3268 -3387
-4412 -3420 -3346
-4411 -3473 -3281
-4411 -3467 -3332
-4411 -3320 -3377
-4411 -3227 -3388
-4410 -3464 -3351
-4410 -3339 -3369
-4410 -3269 -3416
-4409 -3421 -3375
-4408 -3468 -3361
-4408 -3321 -3406
-4407 -3526 -3223
-4406 -3514 -3304
-4406 -3329 -3388
-4404 -3535 -3301
-4404 -3337 -3378
-4403 -3344 -3383
-4403 -3330 -3417
-4402 -3539 -3311
-4402 -3438 -3376
-4401 -3536 -3330
-4401 -3338 -3407
-4400 -3388 -3381
-4400 -3371 -3392
-4400 -3345 -3412
-4399 -3540 -3340
-4399 -3469 -3346
-4399 -3256 -3444
-4398 -3464 -3377
-4398 -3418 -3398
-4397 -3558 -3172
-4397 -3473 -3356
-4397 -3455 -3389
-4397 -3372 -3421
-4397 -3292 -3454
-4396 -3492 -3348
-4396 -3476 -3361
-4396 -3470 -3375
-4396 -3422 -3395
-4395 -3491 -3399
-4395 -3322 -3426
-4394 -3244 -3462
-4393 -3398 -3422
-4393 -3294 -3436
-4392 -3446 -3408
-4391 -3346 -3426
-4390 -3551 -3243
-4390 -3485 -3419
-4389 -3350 -3428
-4388 -3554 -3337
-4388 -3537 -3350
-4388 -3527 -3368
-4388 -3383 -3427
-4387 -3420 -3426
-4386 -3555 -3182
-4386 -3540 -3353
-4386 -3355 -3450
-4385 -3441 -3423
-4384 -3561 -3363
-4384 -3372 -3434
-4384 -3309 -3454
-4383 -3515 -3386
-4383 -3445 -3433
-4383 -3156 -3468
-4382 -3565 -3360
-4382 -3367 -3446
-4381 -3409 -3443
-4381 -3352 -3469
-4380 -3583 -3192
-4380 -3211 -3474
-4379 -3505 -3387
-4379 -3495 -3408
-4379 -3482 -3429
-4379 -3456 -3467
-4378 -3579 -3290
-4377 -3584 -3221
-4377 -3524 -3378
-4377 -3499 -3405
-4377 -3363 -3490
-4376 -3578 -3324
-4376 -3465 -3431
-4376 -3408 -3475
-4374 -3504 -3419
-4374 -3390 -3512
-4373 -3558 -3368
-4373 -3533 -3397
-4373 -3510 -3439
-4371 -3585 -3311
-4371 -3579 -3357
-4371 -3562 -3370
-4371 -3457 -3448
-4370 -3536 -3381
-4370 -3414 -3472
-4369 -3592 -3257
-4369 -3478 -3445
-4368 -3580 -3386
-4368 -3523 -3430
-4368 -3469 -3457
-4368 -3281 -3518
-4367 -3592 -3305
-4367 -3589 -3306
-4367 -3537 -3410
-4367 -3482 -3455
-4366 -3610 -3273
-4366 -3593 -3286
-4366 -3586 -3344
-4366 -3505 -3467
-4366 -3391 -3493
-4365 -3576 -3398
-4364 -3612 -3337
-4364 -3412 -3490
-4363 -3587 -3373
-4363 -3514 -3431
-4363 -3460 -3476
-4362 -3529 -3416
-4362 -3507 -3449
-4362 -3416 -3500
-4361 -3622 -3267
-4361 -3518 -3439
-4361 -3464 -3473
-4360 -3525 -3420
-4360 -3510 -3443
-4359 -3603 -3344
-4358 -3605 -3339
-4358 -3541 -3413
-4357 -3585 -3381
-4357 -3559 -3401
-4357 -3554 -3421
-4357 -3421 -3481
-4356 -3629 -3254
-4356 -3614 -3273
-4356 -3604 -3373
-4356 -3583 -3388
-4356 -3452 -3484
-4356 -3430 -3487
-4355 -3672 -3261
-4355 -3616 -3292
-4355 -3518 -3450
-4355 -3320 -3514
-4354 -3586 -3410
-4354 -3537 -3423
-4354 -3529 -3454
-4354 -3482 -3468
-4353 -3615 -3302
-4353 -3602 -3386
-4353 -3579 -3428
-4353 -3439 -3492
-4352 -3624 -3269
-4352 -3620 -3337
-4352 -3612 -3363
-4352 -3446 -3497
-4352 -3306 -3524
-4352 -3232 -3533
-4351 -3514 -3457
-4351 -3411 -3509
-4351 -3346 -3528
-4351 -3306 -3538
-4350 -3588 -3392
-4350 -3584 -3414
-4350 -3562 -3430
-4350 -3531 -3436
-4350 -3478 -3470
-4350 -3461 -3483
-4350 -3424 -3500
-4350 -3364 -3516
-4349 -3635 -3293
-4349 -3613 -3392
-4349 -3593 -3397
-4349 -3472 -3473
-4349 -3416 -3513
-4348 -3536 -3431
-4348 -3513 -3473
-4348 -3464 -3486
-4347 -3643 -3312
-4347 -3637 -3357
-4347 -3479 -3499
-4347 -3385 -3518
-4346 -3508 -3477
-4346 -3123 -3539
-4345 -3535 -3435
-4345 -3518 -3459
-4345 -3421 -3528
-4345 -3316 -3530
-4344 -3647 -3287
-4344 -3638 -3386
-4344 -3612 -3424
-4344 -3561 -3452
-4344 -3547 -3465
-4344 -3432 -3505
-4344 -3430 -3513
-4344 -3307 -3542
-4343 -3518 -3476
-4343 -3389 -3529
-4343 -3328 -3551
-4343 -3275 -3555
-4342 -3649 -3270
-4342 -3486 -3486
-4342 -3436 -3502
-4342 -3373 -3536
-4341 -3648 -3316
-4341 -3521 -3468
-4341 -3507 -3509
-4341 -3459 -3514
-4341 -3296 -3552
-4340 -3579 -3441
-4340 -3341 -3537
-4339 -3654 -3274
-4339 -3546 -3469
-4339 -3366 -3550
-4339 -3300 -3562
-4338 -3697 -3281
-4338 -3543 -3470
-4338 -3452 -3521
-4337 -3611 -3430
-4337 -3370 -3547
-4336 -3655 -3303
-4336 -3652 -3377
-4336 -3613 -3405
-4336 -3521 -3473
-4336 -3514 -3496
-4335 -3698 -3310
-4335 -3528 -3478
-4335 -3479 -3525
-4334 -3634 -3402
-4333 -3625 -3414
-4333 -3622 -3464
-4333 -3518 -3485
-4333 -3389 -3536
-4332 -3646 -3386
-4332 -3638 -3412
-4332 -3515 -3486
-4332 -3431 -3533
-4332 -3361 -3563
-4331 -3661 -3424
-4331 -3529 -3487
-4331 -3371 -3542
-4330 -3668 -3326
-4330 -3567 -3476
-4330 -3504 -3519
-4330 -3421 -3544
-4330 -3413 -3570
-4329 -3555 -3481
-4329 -3533 -3497
-4329 -3425 -3537
-4328 -3629 -3451
-4328 -3556 -3509
-4327 -3669 -3355
-4327 -3449 -3531
-4327 -3429 -3534
-4326 -3300 -3575
-4325 -3570 -3466
-4325 -3420 -3557
-4324 -3554 -3513
-4324 -3304 -3576
-4323 -3583 -3491
-4323 -3563 -3496
-4323 -3492 -3529
-4323 -3460 -3565
-4322 -3528 -3525
-4322 -3479 -3538
-4322 -3178 -3583
-4321 -3576 -3498
-4320 -3485 -3536
-4320 -3326 -3574
-4320 -3248 -3581
-4319 -3385 -3574
-4319 -3343 -3585
-4318 -3668 -3373
-4318 -3653 -3438
-4318 -3421 -3570
-4317 -3590 -3467
-4317 -3487 -3531
-4317 -3462 -3544
-4317 -3413 -3583
-4316 -3695 -3413
-4316 -3510 -3543
-4316 -3305 -3594
-4315 -3626 -3492
-4314 -3564 -3508
-4313 -3660 -3425
-4313 -3533 -3515
-4313 -3472 -3545
-4312 -3635 -3456
-4312 -3580 -3501
-4312 -3538 -3525
-4312 -3396 -3589
-4311 -3708 -3294
-4311 -3702 -3400
-4311 -3629 -3458
-4311 -3517 -3530
-4311 -3484 -3552
-4310 -3710 -3188
-4310 -3560 -3537
-4309 -3528 -3538
-4309 -3498 -3553
-4309 -3449 -3566
-4309 -3178 -3596
-4308 -3709 -3323
-4308 -3576 -3511
-4308 -3485 -3562
-4308 -3406 -3590
-4308 -3255 -3604
-4307 -3658 -3433
-4307 -3642 -3443
-4307 -3641 -3446
-4307 -3627 -3473
-4307 -3472 -3570
-4307 -3329 -3596
-4306 -3727 -3155
-4306 -3677 -3425
-4306 -3656 -3440
-4306 -3584 -3497
-4306 -3434 -3574
-4305 -3440 -3571
-4305 -3391 -3598
-4304 -3659 -3462
-4304 -3518 -3543
-4303 -3652 -3480
-4303 -3583 -3498
-4303 -3512 -3544
-4303 -3510 -3556
-4303 -3261 -3608
-4302 -3561 -3518
-4302 -3425 -3579
-4302 -3408 -3590
-4302 -3378 -3606
-4301 -3627 -3489
-4301 -3564 -3521
-4301 -3444 -3586
-4300 -3661 -3444
-4300 -3635 -3482
-4300 -3588 -3501
-4300 -3521 -3545
-4299 -3711 -3232
-4299 -3708 -3345
-4299 -3666 -3449
-4299 -3587 -3525
-4299 -3412 -3587
-4299 -3330 -3614
-4298 -3699 -3441
-4298 -3596 -3510
-4298 -3537 -3538
-4298 -3446 -3576
-4298 -3396 -3594
-4297 -3552 -3551
-4297 -3494 -3562
-4297 -3482 -3572
-4297 -3403 -3600
-4296 -3709 -3374
-4296 -3602 -3499
-4296 -3561 -3534
-4296 -3498 -3566
-4296 -3469 -3580
-4295 -3717 -3376
-4295 -3594 -3526
-4295 -3585 -3529
-4295 -3398 -3604
-4294 -3720 -3339
-4294 -3614 -3507
-4294 -3491 -3581
-4294 -3388 -3608
-4294 -3254 -3617
-4293 -3735 -3208
-4293 -3633 -3486
-4292 -3559 -3538
-4292 -3537 -3554
-4291 -3721 -3368
-4291 -3532 -3566
-4291 -3489 -3599
-4291 -3342 -3609
-4290 -3736 -3237
-4290 -3700 -3422
-4290 -3652 -3493
-4290 -3601 -3513
-4290 -3519 -3574
-4289 -3727 -3326
-4289 -3609 -3517
-4289 -3548 -3552
-4289 -3425 -3626
-4288 -3669 -3444
-4288 -3616 -3522
-4288 -3545 -3553
-4287 -3684 -3482
-4287 -3564 -3531
-4287 -3541 -3559
-4287 -3284 -3641
-4286 -3728 -3355
-4286 -3725 -3429
-4286 -3496 -3586
-4285 -3586 -3538
-4285 -3532 -3582
-4285 -3350 -3635
-4284 -3743 -3261
-4284 -3700 -3438
-4284 -3652 -3509
-4284 -3553 -3540
-4284 -3452 -3600
-4283 -3620 -3514
-4283 -3556 -3542
-4283 -3555 -3543
-4283 -3427 -3605
-4283 -3318 -3636
-4282 -3691 -3469
-4282 -3568 -3541
-4282 -3561 -3578
-4282 -3447 -3604
-4281 -3744 -3290
-4281 -3591 -3553
-4281 -3404 -3628
-4280 -3600 -3538
-4280 -3577 -3571
-4279 -3745 -3303
-4279 -3614 -3523
-4279 -3586 -3554
-4279 -3513 -3586
-4279 -3437 -3606
-4278 -3749 -3200
-4278 -3606 -3527
-4277 -3670 -3508
-4277 -3495 -3623
-4276 -3746 -3332
-4276 -3601 -3531
-4276 -3499 -3587
-4275 -3750 -3229
-4275 -3638 -3516
-4275 -3584 -3558
-4275 -3414 -3627
-4274 -3752 -3290
-4274 -3737 -3361
-4274 -3722 -3432
-4274 -3613 -3531
-4273 -3762 -3258
-4273 -3725 -3442
-4273 -3597 -3543
-4273 -3519 -3583
-4272 -3728 -3390
-4272 -3606 -3543
-4272 -3502 -3610
-4272 -3230 -3642
-4271 -3753 -3319
-4271 -3692 -3460
-4271 -3649 -3550
-4270 -3401 -3638
-4270 -3307 -3657
-4269 -3729 -3419
-4269 -3517 -3587
-4268 -3769 -3245
-4268 -3757 -3291
-4268 -3738 -3367
-4268 -3731 -3419
-4268 -3601 -3558
-4268 -3585 -3571
-4268 -3531 -3588
-4268 -3320 -3642
-4267 -3725 -3458
-4267 -3540 -3588
-4266 -3656 -3537
-4266 -3583 -3595
-4266 -3358 -3642
-4266 -3345 -3643
-4266 -3341 -3652
-4265 -3758 -3320
-4265 -3742 -3377
-4265 -3739 -3396
-4264 -3769 -3310
-4264 -3451 -3632
-4264 -3429 -3648
-4264 -3345 -3649
-4263 -3745 -3354
-4263 -3738 -3406
-4263 -3519 -3616
-4263 -3343 -3650
-4263 -3196 -3660
-4262 -3687 -3472
-4262 -3607 -3555
-4262 -3520 -3615
-4261 -3590 -3582
-4261 -3363 -3665
-4260 -3746 -3383
-4260 -3742 -3431
-4260 -3701 -3477
-4260 -3692 -3488
-4259 -3757 -3348
-4259 -3741 -3444
-4259 -3606 -3556
-4259 -3442 -3639
-4259 -3388 -3666
-4258 -3776 -3231
-4258 -3775 -3249
-4258 -3649 -3563
-4258 -3526 -3603
-4257 -3606 -3587
-4257 -3527 -3602
-4257 -3454 -3660
-4257 -3307 -3670
-4256 -3679 -3498
-4256 -3544 -3603
-4256 -3542 -3623
-4255 -3749 -3418
-4255 -3555 -3599
-4255 -3465 -3626
-4254 -3722 -3499
-4254 -3659 -3525
-4254 -3591 -3595
-4253 -3783 -3218
-4253 -3758 -3367
-4253 -3677 -3505
-4253 -3656 -3550
-4253 -3583 -3608
-4253 -3461 -3633
-4252 -3613 -3574
-4252 -3461 -3647
-4251 -3769 -3336
-4251 -3674 -3507
-4251 -3608 -3587
-4251 -3549 -3610
-4250 -3688 -3539
-4250 -3617 -3570
-4250 -3490 -3629
-4250 -3310 -3667
-4250 -3277 -3675
-4249 -3729 -3486
-4248 -3770 -3365
-4248 -3701 -3524
-4248 -3526 -3639
-4247 -3731 -3445
-4247 -3476 -3652
-4246 -3776 -3323
-4246 -3764 -3408
-4246 -3747 -3421
-4246 -3741 -3450
-4246 -3624 -3571
-4246 -3615 -3574
-4246 -3542 -3632
-4246 -3219 -3676
-4245 -3777 -3347
-4245 -3632 -3575
-4245 -3478 -3647
-4243 -3777 -3352
-4243 -3765 -3437
-4243 -3742 -3479
-4243 -3635 -3569
-4242 -3787 -3171
-4242 -3782 -3368
-4241 -3722 -3512
-4241 -3626 -3577
-4241 -3549 -3619
-4240 -3341 -3667
-4239 -3769 -3383
-4239 -3605 -3588
-4238 -3578 -3615
-4238 -3548 -3631
-4238 -3338 -3677
-4237 -3794 -3158
-4237 -3785 -3195
-4237 -3664 -3544
-4237 -3614 -3611
-4237 -3369 -3679
-4237 -3275 -3684
-4236 -3770 -3412
-4236 -3750 -3454
-4236 -3729 -3499
-4236 -3656 -3557
-4236 -3646 -3565
-4236 -3560 -3622
-4235 -3484 -3652
-4235 -3460 -3664
-4235 -3361 -3688
-4234 -3776 -3370
-4234 -3566 -3619
-4234 -3550 -3632
-4234 -3539 -3633
-4233 -3794 -3304
-4233 -3624 -3584
-4233 -3616 -3593
-4233 -3513 -3640
-4233 -3300 -3691
-4232 -3809 -3304
-4232 -3792 -3317
-4232 -3621 -3598
-4232 -3510 -3641
-4231 -3777 -3399
-4231 -3757 -3441
-4231 -3671 -3542
-4231 -3568 -3629
-4231 -3498 -3650
-4231 -3379 -3671
-4230 -3795 -3333
-4230 -3419 -3682
-4229 -3810 -3333
-4229 -3501 -3644
-4228 -3705 -3524
-4228 -3640 -3567
-4228 -3432 -3667
-4227 -3816 -3291
-4227 -3695 -3533
-4227 -3667 -3545
-4227 -3647 -3572
-4227 -3470 -3666
-4227 -3433 -3671
-4227 -3371 -3690
-4226 -3790 -3349
-4226 -3676 -3550
-4226 -3586 -3615
-4226 -3575 -3616
-4226 -3499 -3651
-4225 -3738 -3490
-4225 -3690 -3541
-4225 -3673 -3551
-4225 -3655 -3561
-4225 -3643 -3576
-4225 -3641 -3596
-4225 -3611 -3612
-4225 -3571 -3617
-4225 -3548 -3644
-4225 -3490 -3652
-4224 -3817 -3320
-4224 -3716 -3558
-4224 -3676 -3568
-4224 -3614 -3624
-4224 -3473 -3654
-4224 -3457 -3674
-4223 -3788 -3365
-4223 -3655 -3571
-4222 -3753 -3460
-4222 -3520 -3646
-4222 -3477 -3653
-4221 -3781 -3378
-4221 -3520 -3660
-4221 -3308 -3691
-4220 -3789 -3394
-4220 -3687 -3560
-4220 -3392 -3695
-4220 -3366 -3699
-4219 -3746 -3463
-4219 -3723 -3545
-4219 -3650 -3603
-4219 -3621 -3611
-4219 -3548 -3660
-4218 -3516 -3665
-4218 -3507 -3668
-4217 -3776 -3415
-4217 -3756 -3446
-4217 -3655 -3587
-4216 -3806 -3349
-4216 -3749 -3464
-4216 -3681 -3562
-4216 -3558 -3638
-4216 -3430 -3681
-4216 -3404 -3685
-4215 -3793 -3381
-4215 -3743 -3474
-4215 -3452 -3686
-4214 -3777 -3444
-4214 -3744 -3491
-4214 -3726 -3501
-4214 -3662 -3585
-4214 -3657 -3590
-4213 -3807 -3378
-4213 -3582 -3629
-4213 -3338 -3702
-4212 -3780 -3396
-4212 -3745 -3474
-4212 -3678 -3574
-4212 -3670 -3592
-4212 -3589 -3632
-4212 -3427 -3688
-4211 -3813 -3336
-4211 -3273 -3707
-4210 -3779 -3438
-4210 -3755 -3454
-4210 -3750 -3461
-4210 -3726 -3502
-4210 -3582 -3633
-4210 -3459 -3673
-4209 -3781 -3425
-4209 -3730 -3498
-4209 -3596 -3630
-4209 -3455 -3678
-4209 -3363 -3709
-4208 -3814 -3365
-4208 -3728 -3510
-4208 -3684 -3561
-4208 -3636 -3632
-4208 -3400 -3695
-4207 -3752 -3461
-4207 -3749 -3466
-4207 -3727 -3514
-4207 -3687 -3573
-4207 -3677 -3581
-4207 -3604 -3637
-4207 -3591 -3638
-4207 -3457 -3680
-4207 -3392 -3708
-4206 -3756 -3450
-4206 -3748 -3468
-4206 -3554 -3649
-4206 -3524 -3665
-4206 -3478 -3681
-4206 -3477 -3682
-4205 -3786 -3425
-4205 -3689 -3570
-4205 -3570 -3649
-4205 -3516 -3678
-4205 -3449 -3689
-4204 -3788 -3412
-4204 -3759 -3450
-4204 -3755 -3479
-4204 -3734 -3496
-4204 -3655 -3600
-4203 -3414 -3702
-4203 -3413 -3703
-4202 -3756 -3453
-4202 -3750 -3483
-4202 -3749 -3492
-4202 -3747 -3521
-4202 -3694 -3560
-4202 -3599 -3645
-4202 -3478 -3685
-4201 -3763 -3473
-4200 -3532 -3661
-4200 -3277 -3713
-4199 -3790 -3426
-4199 -3754 -3511
-4199 -3673 -3589
-4199 -3670 -3605
-4199 -3519 -3670
-4199 -3427 -3701
-4198 -3726 -3549
-4198 -3639 -3606
-4198 -3566 -3664
-4198 -3490 -3683
-4198 -3475 -3702
-4198 -3281 -3710
-4198 -3275 -3715
-4197 -3766 -3466
-4197 -3735 -3534
-4197 -3533 -3690
-4196 -3832 -3241
-4196 -3820 -3284
-4196 -3773 -3455
-4196 -3770 -3460
-4196 -3304 -3714
-4196 -3278 -3718
-4195 -3751 -3523
-4195 -3674 -3582
-4195 -3642 -3621
-4195 -3612 -3637
-4195 -3159 -3724
-4194 -3677 -3592
-4194 -3604 -3650
-4194 -3360 -3712
-4193 -3796 -3379
-4193 -3793 -3416
-4193 -3778 -3470
-4193 -3733 -3536
-4193 -3697 -3570
-4193 -3694 -3571
-4193 -3573 -3651
-4193 -3542 -3667
-4193 -3478 -3694
-4193 -3477 -3695
-4192 -3681 -3593
-4192 -3645 -3609
-4192 -3644 -3610
-4192 -3543 -3666
-4192 -3540 -3677
-4191 -3820 -3285
-4191 -3784 -3428
-4191 -3755 -3492
-4191 -3709 -3581
-4190 -3758 -3510
-4190 -3750 -3530
-4190 -3681 -3619
-4190 -3641 -3629
-4190 -3480 -3696
-4190 -3394 -3709
-4189 -3817 -3362
-4189 -3584 -3651
-4189 -3547 -3681
-4189 -3189 -3719
-4188 -3821 -3314
-4188 -3800 -3403
-4188 -3791 -3425
-4188 -3785 -3457
-4188 -3573 -3656
-4188 -3548 -3665
-4188 -3512 -3691
-4188 -3419 -3703
-4187 -3780 -3499
-4187 -3615 -3638
-4187 -3578 -3655
-4187 -3563 -3674
-4187 -3509 -3692
-4187 -3477 -3711
-4186 -3818 -3391
-4186 -3483 -3702
-4186 -3437 -3718
-4186 -3331 -3720
-4186 -3280 -3726
-4185 -3792 -3454
-4185 -3757 -3517
-4185 -3688 -3606
-4185 -3686 -3607
-4185 -3275 -3728
-4184 -3824 -3349
-4184 -3746 -3534
-4184 -3550 -3677
-4183 -3798 -3407
-4183 -3716 -3566
-4182 -3719 -3559
-4182 -3646 -3623
-4182 -3612 -3650
-4182 -3575 -3656
-4182 -3570 -3661
-4182 -3566 -3666
-4182 -3371 -3721
-4182 -3224 -3731
-4181 -3825 -3378
-4181 -3796 -3416
-4181 -3697 -3589
-4181 -3631 -3638
-4181 -3552 -3675
-4181 -3484 -3694
-4180 -3829 -3286
-4180 -3693 -3594
-4180 -3627 -3646
-4180 -3620 -3652
-4180 -3572 -3657
-4180 -3486 -3694
-4179 -3827 -3303
-4179 -3794 -3436
-4179 -3599 -3657
-4179 -3391 -3719
-4179 -3325 -3722
-4178 -3797 -3438
-4178 -3747 -3531
-4178 -3740 -3545
-4178 -3725 -3578
-4178 -3659 -3620
-4178 -3643 -3635
-4178 -3635 -3653
-4178 -3488 -3696
-4177 -3581 -3664
-4177 -3574 -3666
-4177 -3509 -3701
-4176 -3803 -3403
-4176 -3798 -3443
-4176 -3720 -3586
-4176 -3597 -3664
-4176 -3565 -3683
-4176 -3547 -3694
-4176 -3346 -3722
-4176 -3294 -3724
-4176 -3242 -3736
-4175 -3805 -3410
-4175 -3763 -3515
-4175 -3706 -3613
-4175 -3571 -3674
-4175 -3349 -3724
-4174 -3845 -3299
-4174 -3793 -3445
-4174 -3650 -3636
-4174 -3508 -3702
-4174 -3453 -3716
-4174 -3445 -3718
-4174 -3387 -3721
-4174 -3332 -3736
-4173 -3782 -3486
-4173 -3747 -3532
-4173 -3642 -3640
-4173 -3325 -3738
-4172 -3785 -3482
-4172 -3369 -3725
-4171 -3742 -3554
-4171 -3654 -3631
-4171 -3362 -3727
-4170 -3807 -3413
-4170 -3770 -3502
-4170 -3743 -3546
-4170 -3640 -3658
-4170 -3566 -3679
-4170 -3550 -3686
-4170 -3451 -3737
-4169 -3785 -3502
-4169 -3657 -3623
-4169 -3470 -3716
-4169 -3305 -3746
-4168 -3725 -3583
-4168 -3582 -3668
-4168 -3581 -3680
-4168 -3552 -3688
-4168 -3491 -3708
-4167 -3797 -3457
-4167 -3787 -3496
-4166 -3745 -3537
-4166 -3733 -3578
-4166 -3662 -3638
-4166 -3597 -3669
-4165 -3789 -3462
-4165 -3635 -3666
-4165 -3517 -3701
-4165 -3458 -3724
-4164 -3805 -3423
-4164 -3767 -3530
-4164 -3736 -3556
-4164 -3725 -3587
-4164 -3573 -3683
-4164 -3509 -3710
-4163 -3668 -3629
-4162 -3801 -3435
-4162 -3794 -3483
-4162 -3541 -3702
-4161 -3832 -3327
-4161 -3799 -3439
-4161 -3756 -3547
-4161 -3477 -3713
-4160 -3812 -3418
-4160 -3805 -3432
-4160 -3642 -3653
-4159 -3839 -3308
-4159 -3802 -3455
-4159 -3583 -3672
-4159 -3539 -3709
-4159 -3369 -3738
-4159 -3363 -3743
-4158 -3847 -3147
-4158 -3842 -3344
-4158 -3803 -3446
-4158 -3773 -3518
-4158 -3648 -3658
-4158 -3602 -3674
-4158 -3483 -3718
-4158 -3217 -3752
-4157 -3829 -3362
-4157 -3808 -3422
-4157 -3671 -3622
-4156 -3855 -3234
-4156 -3782 -3527
-4156 -3775 -3532
-4156 -3593 -3684
-4156 -3563 -3700
-4156 -3511 -3715
-4155 -3812 -3419
-4155 -3763 -3533
-4155 -3725 -3596
-4155 -3683 -3627
-4155 -3651 -3646
-4155 -3581 -3693
-4154 -3806 -3442
-4154 -3670 -3638
-4154 -3609 -3673
-4154 -3572 -3694
-4154 -3328 -3756
-4153 -3757 -3552
-4153 -3745 -3560
-4153 -3597 -3682
-4153 -3393 -3742
-4152 -3821 -3419
-4152 -3810 -3430
-4152 -3735 -3565
-4152 -3459 -3722
-4151 -3795 -3477
-4151 -3714 -3605
-4151 -3651 -3668
-4150 -3822 -3385
-4150 -3763 -3534
-4150 -3690 -3614
-4150 -3617 -3672
-4150 -3503 -3718
-4150 -3476 -3720
-4150 -3474 -3723
-4149 -3839 -3346
-4149 -3830 -3362
-4149 -3822 -3448
-4149 -3760 -3543
-4149 -3756 -3594
-4149 -3657 -3640
-4149 -3604 -3683
-4148 -3852 -3293
-4148 -3698 -3623
-4148 -3612 -3680
-4148 -3482 -3720
-4148 -3366 -3748
-4147 -3843 -3343
-4147 -3768 -3549
-4147 -3665 -3663
-4146 -3840 -3375
-4146 -3832 -3417
-4146 -3802 -3464
-4146 -3798 -3480
-4146 -3728 -3600
-4146 -3593 -3689
-4146 -3510 -3717
-4146 -3453 -3732
-4146 -3363 -3756
-4145 -3713 -3616
-4145 -3681 -3652
-4145 -3558 -3701
-4145 -3413 -3739
-4145 -3217 -3765
-4144 -3844 -3372
-4144 -3800 -3503
-4144 -3690 -3639
-4144 -3600 -3686
-4144 -3525 -3716
-4144 -3502 -3726
-4144 -3387 -3743
-4143 -3578 -3694
-4143 -3457 -3734
-4142 -3796 -3515
-4142 -3599 -3708
-4142 -3416 -3742
-4142 -3369 -3746
-4141 -3805 -3467
-4141 -3783 -3532
-4141 -3762 -3553
-4141 -3671 -3674
-4141 -3471 -3730
-4140 -3820 -3467
-4140 -3808 -3470
-4140 -3807 -3486
-4140 -3740 -3600
-4140 -3720 -3603
-4140 -3615 -3697
-4140 -3540 -3712
-4140 -3487 -3728
-4140 -3421 -3740
-4139 -3695 -3627
-4139 -3603 -3701
-4139 -3550 -3710
-4139 -3534 -3731
-4138 -3832 -3422
-4138 -3788 -3553
-4138 -3714 -3618
-4137 -3857 -3143
-4137 -3718 -3610
-4137 -3710 -3628
-4137 -3686 -3657
-4137 -3474 -3736
-4136 -3617 -3681
-4136 -3537 -3718
-4136 -3416 -3758
-4135 -3850 -3361
-4135 -3758 -3581
-4135 -3627 -3679
-4135 -3622 -3684
-4134 -3541 -3718
-4133 -3836 -3391
-4133 -3823 -3431
-4133 -3499 -3736
-4133 -3300 -3761
-4132 -3834 -3404
-4132 -3698 -3639
-4132 -3689 -3641
-4132 -3464 -3742
-4132 -3301 -3759
-4131 -3853 -3357
-4131 -3721 -3603
-4131 -3233 -3767
-4130 -3858 -3283
-4130 -3837 -3420
-4130 -3561 -3724
-4129 -3838 -3411
-4129 -3808 -3483
-4129 -3633 -3690
-4129 -3533 -3733
-4129 -3427 -3758
-4129 -3305 -3761
-4128 -3823 -3432
-4128 -3808 -3484
-4128 -3702 -3638
-4128 -3432 -3744
-4128 -3281 -3767
-4128 -3200 -3770
-4127 -3809 -3480
-4127 -3721 -3608
-4127 -3542 -3731
-4127 -3488 -3737
-4126 -3803 -3509
-4126 -3793 -3560
-4126 -3727 -3602
-4126 -3577 -3709
-4125 -3866 -3252
-4125 -3865 -3270
-4125 -3841 -3407
-4125 -3571 -3719
-4125 -3449 -3744
-4125 -3436 -3745
-4125 -3328 -3764
-4124 -3815 -3470
-4124 -3805 -3515
-4124 -3710 -3641
-4124 -3509 -3736
-4124 -3492 -3751
-4124 -3371 -3771
-4123 -3809 -3489
-4123 -3636 -3683
-4123 -3392 -3763
-4122 -3796 -3534
-4122 -3718 -3618
-4122 -3501 -3745
-4121 -3777 -3575
-4121 -3727 -3605
-4121 -3648 -3688
-4121 -3461 -3752
-4121 -3443 -3753
-4120 -3854 -3356
-4120 -3848 -3388
-4120 -3717 -3626
-4119 -3843 -3430
-4119 -3722 -3613
-4118 -3812 -3476
-4118 -3807 -3497
-4118 -3747 -3603
-4118 -3735 -3608
-4118 -3687 -3684
-4118 -3530 -3743
-4117 -3855 -3385
-4117 -3825 -3436
-4117 -3821 -3476
-4117 -3813 -3490
-4117 -3615 -3710
-4117 -3541 -3733
-4117 -3495 -3749
-4116 -3695 -3645
-4116 -3621 -3695
-4116 -3572 -3716
-4115 -3873 -3217
-4115 -3861 -3338
-4115 -3835 -3468
-4115 -3814 -3487
-4115 -3811 -3504
-4115 -3380 -3766
-4115 -3281 -3780
-4114 -3862 -3291
-4114 -3730 -3620
-4114 -3729 -3623
-4114 -3723 -3625
-4113 -3863 -3292
-4113 -3831 -3480
-4113 -3621 -3729
-4113 -3533 -3735
-4113 -3456 -3755
-4113 -3411 -3760
-4112 -3797 -3518
-4112 -3795 -3547
-4112 -3693 -3661
-4112 -3632 -3694
-4112 -3454 -3767
-4112 -3394 -3772
-4112 -3328 -3777
-4111 -3856 -3350
-4111 -3843 -3435
-4111 -3507 -3745
-4111 -3354 -3779
-4110 -3726 -3643
-4110 -3509 -3745
-4110 -3467 -3752
-4110 -3392 -3776
-4109 -3877 -3192
-4109 -3469 -3752
-4108 -3861 -3374
-4108 -3761 -3576
-4108 -3732 -3615
-4108 -3717 -3673
-4107 -3652 -3686
-4107 -3532 -3752
-4107 -3461 -3754
-4106 -3879 -3206
-4106 -3810 -3506
-4106 -3649 -3700
-4106 -3554 -3730
-4106 -3538 -3743
-4106 -3492 -3759
-4105 -3845 -3417
-4105 -3739 -3604
-4105 -3660 -3688
-4105 -3475 -3771
-4104 -3870 -3242
-4104 -3851 -3401
-4104 -3753 -3614
-4104 -3297 -3782
-4104 -3193 -3786
-4103 -3880 -3235
-4103 -3840 -3475
-4103 -3780 -3581
-4103 -3651 -3718
-4102 -3849 -3424
-4101 -3852 -3430
-4101 -3817 -3493
-4101 -3757 -3594
-4101 -3583 -3745
-4100 -3869 -3247
-4100 -3864 -3278
-4100 -3806 -3510
-4100 -3411 -3773
-4099 -3870 -3262
-4099 -3864 -3288
-4099 -3843 -3449
-4099 -3758 -3602
-4099 -3304 -3782
-4098 -3865 -3279
-4098 -3862 -3301
-4098 -3824 -3490
-4098 -3812 -3495
-4098 -3800 -3517
-4098 -3783 -3568
-4098 -3354 -3792
-4097 -3870 -3276
-4097 -3828 -3525
-4097 -3772 -3582
-4097 -3587 -3730
-4097 -3360 -3777
-4096 -3878 -3259
-4096 -3728 -3630
-4096 -3652 -3698
-4096 -3602 -3735
-4096 -3477 -3763
-4095 -3874 -3320
-4095 -3840 -3480
-4095 -3799 -3526
-4095 -3784 -3569
-4095 -3732 -3628
-4095 -3660 -3692
-4095 -3540 -3752
-4095 -3392 -3779
-4094 -3857 -3414
-4094 -3727 -3640
-4094 -3508 -3757
-4094 -3500 -3759
-4093 -3886 -3275
-4093 -3862 -3340
-4093 -3668 -3688
-4092 -3875 -3349
-4092 -3868 -3363
-4092 -3858 -3419
-4092 -3812 -3540
-4092 -3758 -3621
-4092 -3743 -3629
-4091 -3784 -3578
-4091 -3766 -3589
-4090 -3669 -3685
-4090 -3667 -3690
-4090 -3594 -3737
-4090 -3531 -3753
-4090 -3479 -3768
-4089 -3842 -3462
-4089 -3769 -3590
-4089 -3722 -3649
-4089 -3541 -3749
-4088 -3860 -3401
-4088 -3761 -3595
-4088 -3559 -3750
-4088 -3509 -3754
-4088 -3492 -3770
-4088 -3419 -3773
-4088 -3366 -3786
-4087 -3877 -3280
-4087 -3875 -3350
-4087 -3763 -3609
-4087 -3742 -3636
-4087 -3434 -3773
-4087 -3266 -3798
-4086 -3846 -3469
-4086 -3791 -3565
-4086 -3690 -3685
-4086 -3682 -3687
-4086 -3660 -3701
-4086 -3616 -3735
-4086 -3551 -3759
-4086 -3427 -3775
-4085 -3798 -3542
-4085 -3754 -3639
-4085 -3544 -3761
-4085 -3445 -3775
-4085 -3423 -3781
-4084 -3892 -3264
-4084 -3652 -3745
-4084 -3564 -3751
-4084 -3439 -3779
-4083 -3867 -3388
-4082 -3878 -3337
-4082 -3664 -3700
-4082 -3492 -3772
-4082 -3470 -3773
-4082 -3392 -3792
-4081 -3893 -3293
-4081 -3886 -3307
-4081 -3790 -3580
-4081 -3508 -3770
-4080 -3817 -3547
-4080 -3727 -3647
-4080 -3571 -3752
-4079 -3871 -3365
-4079 -3831 -3486
-4079 -3796 -3571
-4079 -3789 -3585
-4079 -3665 -3692
-4078 -3739 -3652
-4078 -3556 -3753
-4078 -3413 -3787
-4077 -3883 -3320
-4077 -3811 -3563
-4077 -3663 -3705
-4076 -3893 -3294
-4076 -3872 -3394
-4076 -3865 -3408
-4076 -3441 -3781
-4075 -3693 -3674
-4075 -3509 -3767
-4074 -3833 -3494
-4074 -3796 -3572
-4074 -3578 -3751
-4074 -3461 -3777
-4074 -3340 -3797
-4073 -3765 -3596
-4073 -3684 -3704
-4073 -3663 -3710
-4073 -3407 -3791
-4073 -3282 -3800
-4072 -3836 -3492
-4072 -3829 -3506
-4072 -3769 -3594
-4072 -3614 -3761
-4071 -3872 -3395
-4071 -3847 -3465
-4071 -3841 -3475
-4071 -3791 -3574
-4071 -3582 -3766
-4071 -3304 -3798
-4070 -3851 -3484
-4070 -3769 -3595
-4070 -3654 -3732
-4070 -3500 -3772
-4070 -3454 -3788
-4069 -3755 -3622
-4069 -3723 -3658
-4069 -3475 -3780
-4069 -3470 -3786
-4069 -3368 -3797
-4068 -3889 -3309
-4068 -3821 -3544
-4068 -3533 -3768
-4068 -3518 -3787
-4068 -3412 -3789
-4067 -3836 -3493
-4067 -3697 -3676
-4067 -3693 -3694
-4067 -3524 -3772
-4067 -3403 -3792
-4066 -3882 -3343
-4065 -3890 -3338
-4065 -3883 -3352
-4065 -3816 -3570
-4065 -3765 -3597
-4065 -3723 -3663
-4064 -3854 -3443
-4064 -3779 -3602
-4064 -3756 -3626
-4064 -3525 -3769
-4064 -3451 -3792
-4064 -3403 -3797
-4063 -3856 -3422
-4063 -3828 -3531
-4063 -3793 -3586
-4063 -3525 -3774
-4063 -3444 -3794
-4063 -3273 -3803
-4062 -3874 -3381
-4062 -3866 -3398
-4061 -3871 -3414
-4061 -3728 -3674
-4061 -3716 -3679
-4061 -3689 -3711
-4060 -3890 -3339
-4060 -3800 -3585
-4060 -3730 -3660
-4059 -3867 -3417
-4059 -3856 -3426
-4059 -3590 -3766
-4059 -3539 -3772
-4059 -3312 -3798
-4059 -3232 -3804
-4058 -3899 -3258
-4058 -3856 -3491
-4058 -3837 -3495
-4058 -3759 -3610
-4058 -3746 -3649
-4058 -3700 -3680
-4058 -3655 -3721
-4058 -3582 -3779
-4058 -3462 -3788
-4057 -3874 -3382
-4057 -3785 -3587
-4057 -3770 -3612
-4057 -3764 -3613
-4057 -3330 -3813
-4056 -3894 -3260
-4056 -3878 -3401
-4056 -3868 -3446
-4056 -3836 -3500
-4056 -3833 -3507
-4056 -3731 -3661
-4056 -3662 -3719
-4056 -3374 -3805
-4055 -3900 -3287
-4055 -3885 -3349
-4055 -3776 -3618
-4055 -3697 -3689
-4055 -3486 -3788
-4054 -3848 -3529
-4054 -3467 -3789
-4053 -3895 -3289
-4053 -3693 -3699
-4052 -3882 -3378
-4052 -3556 -3787
-4052 -3468 -3793
-4052 -3408 -3798
-4051 -3818 -3557
-4051 -3752 -3646
-4051 -3719 -3700
-4051 -3451 -3805
-4050 -3894 -3333
-4050 -3831 -3536
-4050 -3824 -3550
-4050 -3775 -3625
-4050 -3760 -3633
-4049 -3883 -3407
-4049 -3876 -3421
-4049 -3784 -3596
-4048 -3885 -3352
-4047 -3874 -3435
-4047 -3758 -3654
-4047 -3473 -3791
-4046 -3782 -3608
-4045 -3901 -3237
-4045 -3886 -3381
-4045 -3868 -3459
-4045 -3831 -3537
-4044 -3883 -3408
-4044 -3858 -3478
-4044 -3786 -3589
-4044 -3670 -3719
-4044 -3430 -3806
-4043 -3871 -3457
-4043 -3864 -3471
-4043 -3786 -3593
-4043 -3628 -3766
-4042 -3826 -3539
-4042 -3806 -3571
-4042 -3776 -3630
-4042 -3660 -3720
-4041 -3900 -3322
-4041 -3793 -3592
-4041 -3676 -3719
-4040 -3886 -3382
-4040 -3875 -3446
-4040 -3759 -3634
-4040 -3518 -3803
-4040 -3363 -3811
-4040 -3315 -3816
-4039 -3778 -3631
-4039 -3709 -3701
-4039 -3630 -3748
-4039 -3524 -3788
-4039 -3356 -3813
-4038 -3902 -3126
-4038 -3901 -3351
-4038 -3894 -3365
-4038 -3871 -3458
-4038 -3781 -3612
-4038 -3765 -3640
-4038 -3734 -3655
-4037 -3837 -3551
-4036 -3902 -3196
-4036 -3851 -3535
-4035 -3906 -3098
-4035 -3888 -3372
-4035 -3885 -3394
-4035 -3722 -3680
-4035 -3720 -3683
-4035 -3688 -3719
-4035 -3435 -3807
-4034 -3902 -3314
-4034 -3886 -3383
-4034 -3863 -3490
-4034 -3807 -3579
-4034 -3786 -3605
-4034 -3783 -3606
-4034 -3758 -3667
-4034 -3643 -3746
-4033 -3903 -3226
-4033 -3901 -3352
-4033 -3891 -3388
-4033 -3820 -3558
-4033 -3316 -3818
-4032 -3907 -3127
-4032 -3889 -3401
-4032 -3882 -3415
-4032 -3724 -3676
-4032 -3690 -3709
-4032 -3660 -3725
-4032 -3286 -3824
-4031 -3904 -3271
-4031 -3590 -3782
-4030 -3902 -3382
-4029 -3891 -3456
-4029 -3791 -3593
-4029 -3692 -3712
-4029 -3653 -3736
-4029 -3630 -3753
-4029 -3430 -3809
-4028 -3795 -3629
-4028 -3783 -3634
-4028 -3594 -3771
-4028 -3542 -3790
-4028 -3468 -3806
-4028 -3446 -3807
-4027 -3906 -3180
-4027 -3903 -3411
-4027 -3798 -3588
-4027 -3783 -3638
-4027 -3638 -3748
-4027 -3494 -3808
-4027 -3388 -3810
-4026 -3379 -3813
-4025 -3908 -3303
-4025 -3869 -3479
-4025 -3372 -3815
-4024 -3875 -3471
-4024 -3821 -3552
-4024 -3665 -3741
-4024 -3353 -3816
-4023 -3909 -3148
-4023 -3729 -3674
-4023 -3708 -3718
-4023 -3379 -3818
-4022 -3913 -3167
-4022 -3911 -3209
-4022 -3909 -3332
-4022 -3805 -3590
-4022 -3688 -3732
-4022 -3651 -3746
-4022 -3572 -3793
-4022 -3411 -3812
-4021 -3823 -3555
-4021 -3810 -3590
-4021 -3797 -3612
-4021 -3741 -3679
-4021 -3451 -3809
-4021 -3399 -3814
-4020 -3823 -3559
-4020 -3813 -3590
-4019 -3840 -3557
-4019 -3813 -3596
-4019 -3650 -3748
-4018 -3912 -3169
-4018 -3909 -3400
-4018 -3821 -3563
-4018 -3711 -3705
-4017 -3735 -3681
-4017 -3558 -3800
-4016 -3910 -3245
-4016 -3815 -3597
-4016 -3725 -3694
-4016 -3630 -3766
-4016 -3430 -3822
-4015 -3913 -3198
-4015 -3820 -3571
-4015 -3818 -3578
-4015 -3713 -3703
-4015 -3692 -3734
-4015 -3502 -3804
-4015 -3451 -3814
-4015 -3350 -3826
-4014 -3860 -3493
-4014 -3462 -3809
-4013 -3919 -3156
-4013 -3853 -3511
-4013 -3691 -3736
-4013 -3596 -3777
-4012 -3880 -3478
-4012 -3759 -3646
-4012 -3755 -3669
-4010 -3920 -3185
-4010 -3916 -3217
-4010 -3731 -3688
-4010 -3695 -3721
-4010 -3655 -3747
-4010 -3534 -3809
-4010 -3461 -3822
-4009 -3800 -3605
-4008 -3910 -3327
-4008 -3872 -3516
-4008 -3772 -3643
-4008 -3625 -3781
-4006 -3916 -3285
-4006 -3739 -3687
-4006 -3650 -3761
-4005 -3842 -3544
-4005 -3829 -3566
-4005 -3668 -3745
-4005 -3665 -3746
-4005 -3589 -3792
-4005 -3234 -3827
-4004 -3730 -3701
-4004 -3718 -3706
-4004 -3499 -3814
-4003 -3917 -3314
-4003 -3802 -3612
-4003 -3406 -3827
-4003 -3300 -3829
-4002 -3920 -3236
-4002 -3646 -3768
-4001 -3922 -3206
-4001 -3898 -3422
-4001 -3742 -3674
-4001 -3657 -3748
-4001 -3653 -3752
-4001 -3536 -3801
-4001 -3467 -3816
-4000 -3765 -3644
-4000 -3763 -3669
-4000 -3745 -3684
-4000 -3525 -3814
-4000 -3316 -3831
-3999 -3916 -3316
-3999 -3834 -3565
-3999 -3817 -3616
-3999 -3693 -3723
-3999 -3291 -3837
-3998 -3923 -3235
-3998 -3882 -3465
-3998 -3818 -3603
-3997 -3920 -3237
-3997 -3821 -3584
-3997 -3363 -3828
-3997 -3311 -3833
-3996 -3893 -3439
-3996 -3768 -3647
-3996 -3695 -3726
-3996 -3587 -3797
-3995 -3924 -3265
-3995 -3856 -3517
-3995 -3786 -3638
-3995 -3773 -3639
-3995 -3746 -3671
-3995 -3427 -3827
-3994 -3923 -3303
-3994 -3855 -3519
-3994 -3799 -3628
-3994 -3754 -3673
-3994 -3563 -3806
-3994 -3411 -3828
-3993 -3734 -3688
-3993 -3720 -3710
-3993 -3597 -3792
-3993 -3551 -3808
-3992 -3918 -3308
-3992 -3857 -3537
-3992 -3832 -3577
-3991 -3858 -3524
-3991 -3821 -3591
-3991 -3768 -3651
-3991 -3767 -3654
-3991 -3656 -3750
-3991 -3262 -3845
-3990 -3924 -3266
-3990 -3728 -3702
-3989 -3913 -3340
-3989 -3833 -3578
-3989 -3804 -3625
-3989 -3783 -3643
-3989 -3759 -3670
-3989 -3731 -3692
-3989 -3713 -3718
-3989 -3681 -3737
-3989 -3618 -3792
-3988 -3911 -3347
-3988 -3783 -3644
-3988 -3770 -3651
-3988 -3750 -3676
-3988 -3654 -3755
-3987 -3925 -3295
-3987 -3911 -3349
-3987 -3847 -3547
-3987 -3779 -3655
-3987 -3747 -3681
-3987 -3698 -3730
-3987 -3682 -3743
-3987 -3431 -3823
-3987 -3322 -3829
-3987 -3296 -3840
-3986 -3446 -3828
-3986 -3373 -3841
-3985 -3923 -3304
-3985 -3778 -3657
-3985 -3755 -3704
-3985 -3662 -3747
-3984 -3680 -3747
-3984 -3647 -3763
-3984 -3564 -3798
-3983 -3928 -3196
-3983 -3924 -3297
-3982 -3780 -3658
-3982 -3767 -3661
-3982 -3719 -3715
-3982 -3711 -3728
-3982 -3684 -3739
-3982 -3632 -3775
-3982 -3571 -3806
-3981 -3664 -3753
-3981 -3559 -3808
-3981 -3500 -3819
-3980 -3929 -3225
-3980 -3887 -3468
-3980 -3822 -3592
-3980 -3788 -3631
-3980 -3758 -3691
-3980 -3689 -3749
-3980 -3579 -3808
-3980 -3527 -3813
-3980 -3427 -3830
-3980 -3411 -3833
-3979 -3789 -3633
-3979 -3465 -3827
-3979 -3399 -3835
-3978 -3931 -3284
-3977 -3788 -3650
-3977 -3653 -3760
-3976 -3929 -3293
-3976 -3881 -3480
-3976 -3864 -3531
-3976 -3840 -3558
-3976 -3826 -3606
-3976 -3701 -3736
-3975 -3933 -3167
-3975 -3765 -3666
-3974 -3913 -3355
-3974 -3838 -3561
-3974 -3837 -3577
-3974 -3771 -3663
-3974 -3478 -3825
-3973 -3902 -3429
-3973 -3841 -3559
-3973 -3656 -3759
-3973 -3264 -3845
-3972 -3853 -3541
-3972 -3655 -3763
-3972 -3462 -3830
-3971 -3914 -3384
-3971 -3776 -3700
-3971 -3635 -3781
-3971 -3564 -3811
-3971 -3531 -3821
-3970 -3918 -3310
-3970 -3640 -3775
-3969 -3904 -3452
-3969 -3793 -3634
-3969 -3644 -3780
-3968 -3827 -3584
-3968 -3624 -3794
-3968 -3587 -3808
-3968 -3483 -3829
-3968 -3283 -3842
-3967 -3910 -3401
-3967 -3877 -3498
-3967 -3796 -3634
-3967 -3712 -3719
-3967 -3527 -3826
-3967 -3427 -3843
-3966 -3920 -3305
-3966 -3880 -3493
-3966 -3841 -3591
-3966 -3820 -3609
-3966 -3796 -3636
-3966 -3710 -3745
-3966 -3593 -3796
-3965 -3916 -3344
-3965 -3844 -3572
-3965 -3724 -3706
-3965 -3721 -3710
-3965 -3661 -3760
-3965 -3652 -3767
-3965 -3626 -3782
-3965 -3588 -3805
-3964 -3816 -3621
-3964 -3536 -3815
-3963 -3924 -3301
-3963 -3917 -3341
-3963 -3884 -3500
-3963 -3798 -3633
-3963 -3790 -3637
-3963 -3720 -3718
-3963 -3494 -3827
-3963 -3475 -3835
-3962 -3934 -3234
-3962 -3920 -3373
-3962 -3906 -3415
-3962 -3792 -3670
-3962 -3733 -3708
-3961 -3923 -3308
-3961 -3478 -3838
-3960 -3858 -3560
-3960 -3794 -3644
-3960 -3712 -3724
-3960 -3666 -3755
-3959 -3941 -3148
-3959 -3927 -3316
-3959 -3891 -3461
-3959 -3572 -3811
-3958 -3921 -3336
-3958 -3916 -3390
-3958 -3735 -3715
-3957 -3910 -3410
-3957 -3906 -3416
-3957 -3675 -3753
-3957 -3580 -3813
-3957 -3532 -3819
-3956 -3928 -3345
-3956 -3693 -3763
-3956 -3339 -3849
-3955 -3941 -3216
-3955 -3922 -3365
-3955 -3859 -3535
-3955 -3798 -3639
-3955 -3589 -3797
-3955 -3383 -3844
-3954 -3930 -3290
-3954 -3601 -3796
-3954 -3403 -3848
-3953 -3873 -3521
-3953 -3860 -3543
-3953 -3802 -3626
-3953 -3657 -3774
-3953 -3539 -3827
-3952 -3942 -3245
-3952 -3821 -3613
-3952 -3609 -3798
-3951 -3924 -3359
-3951 -3885 -3476
-3951 -3851 -3567
-3951 -3825 -3609
-3951 -3604 -3807
-3950 -3888 -3474
-3950 -3803 -3627
-3950 -3552 -3817
-3950 -3494 -3840
-3950 -3475 -3848
-3949 -3741 -3714
-3949 -3678 -3774
-3948 -3934 -3312
-3948 -3885 -3496
-3948 -3879 -3506
-3948 -3861 -3539
-3948 -3823 -3615
-3948 -3717 -3730
-3948 -3574 -3815
-3947 -3892 -3481
-3947 -3865 -3522
-3947 -3680 -3768
-3946 -3928 -3354
-3946 -3924 -3360
-3946 -3827 -3593
-3944 -3891 -3488
-3944 -3731 -3725
-3944 -3655 -3779
-3944 -3380 -3854
-3943 -3888 -3506
-3943 -3876 -3511
-3943 -3845 -3570
-3943 -3832 -3592
-3942 -3836 -3592
-3942 -3695 -3750
-3942 -3631 -3788
-3942 -3628 -3791
-3941 -3911 -3402
-3941 -3865 -3524
-3941 -3863 -3536
-3941 -3547 -3827
-3941 -3498 -3831
-3941 -3299 -3857
-3940 -3943 -3057
-3940 -3830 -3600
-3940 -3617 -3798
-3939 -3906 -3418
-3939 -3898 -3458
-3939 -3879 -3507
-3939 -3797 -3642
-3939 -3555 -3829
-3939 -3387 -3854
-3938 -3868 -3523
-3938 -3831 -3599
-3938 -3811 -3623
-3938 -3499 -3835
-3937 -3935 -3261
-3937 -3686 -3774
-3937 -3618 -3795
-3937 -3576 -3821
-3937 -3443 -3849
-3936 -3943 -3125
-3936 -3895 -3461
-3936 -3722 -3737
-3936 -3582 -3815
-3936 -3536 -3831
-3936 -3528 -3836
-3936 -3491 -3850
-3935 -3939 -3247
-3935 -3937 -3289
-3935 -3877 -3510
-3935 -3799 -3634
-3934 -3907 -3416
-3934 -3905 -3445
-3934 -3823 -3618
-3934 -3820 -3620
-3934 -3812 -3624
-3934 -3800 -3629
-3934 -3590 -3817
-3933 -3944 -3154
-3933 -3909 -3432
-3933 -3893 -3479
-3933 -3800 -3633
-3933 -3492 -3847
-3933 -3292 -3860
-3932 -3942 -3248
-3932 -3938 -3318
-3932 -3923 -3380
-3932 -3912 -3411
-3932 -3906 -3450
-3932 -3806 -3652
-3932 -3620 -3819
-3931 -3940 -3263
-3931 -3872 -3545
-3931 -3809 -3633
-3931 -3694 -3752
-3931 -3621 -3797
-3930 -3933 -3320
-3930 -3929 -3337
-3930 -3924 -3366
-3930 -3910 -3418
-3930 -3784 -3685
-3930 -3752 -3721
-3930 -3656 -3781
-3930 -3623 -3797
-3930 -3396 -3856
-3928 -3943 -3249
-3928 -3941 -3292
-3928 -3856 -3588
-3928 -3844 -3593
-3928 -3757 -3731
-3928 -3647 -3790
-3927 -3926 -3367
-3927 -3919 -3381
-3927 -3829 -3605
-3927 -3811 -3640
-3927 -3563 -3829
-3926 -3927 -3368
-3926 -3628 -3797
-3926 -3555 -3842
-3925 -3913 -3405
-3925 -3721 -3742
-3925 -3403 -3856
-3924 -3949 -3199
-3924 -3940 -3295
-3924 -3912 -3466
-3924 -3895 -3508
-3924 -3700 -3776
-3924 -3564 -3826
-3923 -3929 -3369
-3923 -3920 -3393
-3923 -3864 -3559
-3923 -3793 -3664
-3923 -3703 -3757
-3923 -3629 -3794
-3922 -3950 -3235
-3922 -3404 -3853
-3922 -3384 -3858
-3921 -3941 -3324
-3921 -3930 -3355
-3921 -3928 -3383
-3921 -3914 -3402
-3921 -3896 -3509
-3921 -3884 -3514
-3921 -3867 -3556
-3921 -3825 -3614
-3921 -3824 -3620
-3921 -3500 -3847
-3919 -3951 -3264
-3919 -3945 -3270
-3919 -3919 -3396
-3919 -3878 -3537
-3919 -3874 -3555
-3919 -3844 -3602
-3919 -3817 -3624
-3919 -3703 -3763
-3919 -3632 -3793
-3919 -3508 -3849
-3919 -3308 -3862
-3918 -3714 -3750
-3918 -3346 -3859
-3917 -3934 -3373
-3917 -3920 -3413
-3917 -3809 -3642
-3917 -3712 -3762
-3916 -3946 -3299
-3916 -3920 -3425
-3916 -3834 -3608
-3915 -3827 -3611
-3915 -3651 -3788
-3914 -3867 -3557
-3914 -3817 -3648
-3914 -3661 -3778
-3914 -3563 -3842
-3913 -3913 -3452
-3913 -3848 -3590
-3912 -3946 -3367
-3912 -3927 -3400
-3912 -3884 -3523
-3912 -3864 -3569
-3912 -3646 -3807
-3912 -3403 -3869
-3911 -3924 -3414
-3911 -3833 -3615
-3910 -3914 -3453
-3910 -3850 -3591
-3910 -3580 -3828
-3910 -3412 -3853
-3909 -3799 -3660
-3909 -3470 -3861
-3908 -3794 -3661
-3908 -3653 -3783
-3907 -3926 -3414
-3907 -3884 -3530
-3907 -3818 -3624
-3906 -3930 -3374
-3906 -3888 -3511
-3906 -3668 -3784
-3906 -3656 -3789
-3906 -3308 -3875
-3905 -3938 -3369
-3905 -3904 -3490
-3905 -3864 -3601
-3905 -3821 -3665
-3905 -3738 -3732
-3905 -3726 -3737
-3905 -3648 -3795
-3905 -3623 -3811
-3903 -3890 -3512
-3903 -3882 -3536
-3903 -3508 -3853
-3902 -3948 -3286
-3902 -3907 -3510
-3902 -3785 -3676
-3901 -3764 -3710
-3901 -3737 -3742
-3901 -3472 -3855
-3900 -3953 -3183
-3900 -3884 -3537
-3900 -3778 -3691
-3900 -3677 -3780
-3899 -3947 -3363
-3899 -3930 -3377
-3898 -3929 -3386
-3898 -3904 -3522
-3898 -3779 -3691
-3898 -3585 -3832
-3897 -3954 -3212
-3897 -3915 -3427
-3897 -3823 -3624
-3897 -3787 -3678
-3896 -3931 -3406
-3896 -3835 -3606
-3896 -3779 -3692
-3895 -3948 -3318
-3895 -3947 -3431
-3895 -3869 -3562
-3895 -3793 -3667
-3895 -3749 -3736
-3895 -3420 -3868
-3894 -3922 -3434
-3894 -3882 -3545
-3894 -3839 -3609
-3894 -3676 -3788
-3894 -3653 -3792
-3893 -3839 -3613
-3893 -3794 -3666
-3893 -3776 -3701
-3893 -3668 -3797
-3893 -3656 -3802
-3893 -3631 -3811
-3892 -3954 -3213
-3892 -3950 -3283
-3892 -3917 -3459
-3892 -3871 -3563
-3892 -3721 -3744
-3892 -3560 -3844
-3891 -3825 -3629
-3891 -3761 -3713
-3891 -3754 -3734
-3890 -3823 -3656
-3890 -3632 -3808
-3889 -3931 -3438
-3889 -3829 -3620
-3889 -3826 -3637
-3889 -3803 -3675
-3889 -3524 -3855
-3888 -3956 -3175
-3888 -3948 -3321
-3888 -3844 -3607
-3888 -3829 -3627
-3888 -3680 -3777
-3887 -3922 -3466
-3887 -3733 -3752
-3886 -3805 -3676
-3886 -3688 -3779
-3885 -3955 -3227
-3885 -3949 -3350
-3885 -3876 -3549
-3885 -3839 -3616
-3885 -3831 -3627
-3884 -3953 -3252
-3883 -3967 -3182
-3883 -3873 -3559
-3883 -3786 -3679
-3883 -3676 -3797
-3882 -3956 -3256
-3882 -3868 -3580
-3882 -3658 -3799
-3882 -3539 -3849
-3881 -3954 -3281
-3881 -3948 -3353
-3881 -3845 -3605
-3881 -3841 -3623
-3881 -3827 -3628
-3881 -3592 -3824
-3879 -3684 -3799
-3878 -3949 -3382
-3878 -3782 -3686
-3878 -3780 -3705
-3878 -3589 -3827
-3877 -3956 -3257
-3877 -3713 -3759
-3877 -3709 -3763
-3877 -3569 -3841
-3876 -3848 -3603
-3876 -3688 -3783
-3876 -3648 -3810
-3876 -3636 -3815
-3875 -3908 -3501
-3875 -3577 -3843
-3875 -3492 -3856
-3874 -3950 -3341
-3874 -3843 -3615
-3874 -3831 -3637
-3874 -3696 -3779
-3874 -3623 -3824
-3874 -3288 -3883
-3872 -3886 -3524
-3871 -3952 -3302
-3871 -3622 -3828
-3871 -3488 -3861
-3870 -3953 -3324
-3870 -3911 -3479
-3870 -3894 -3530
-3869 -3663 -3804
-3868 -3845 -3611
-3868 -3555 -3851
-3868 -3472 -3863
-3867 -3954 -3353
-3867 -3870 -3571
-3867 -3758 -3724
-3866 -3927 -3439
-3866 -3876 -3561
-3866 -3834 -3650
-3866 -3806 -3668
-3866 -3466 -3864
-3866 -3350 -3870
-3865 -3957 -3255
-3865 -3956 -3334
-3865 -3926 -3445
-3865 -3849 -3604
-3865 -3556 -3848
-3865 -3436 -3874
-3864 -3914 -3467
-3864 -3874 -3578
-3864 -3869 -3583
-3864 -3797 -3686
-3864 -3761 -3719
-3864 -3590 -3834
-3864 -3441 -3868
-3863 -3926 -3449
-3863 -3877 -3559
-3863 -3752 -3739
-3863 -3740 -3744
-3863 -3692 -3780
-3862 -3961 -3197
-3862 -3957 -3363
-3862 -3847 -3616
-3862 -3721 -3760
-3862 -3608 -3829
-3861 -3965 -3185
-3861 -3912 -3492
-3861 -3885 -3532
-3861 -3845 -3643
-3861 -3591 -3831
-3860 -3964 -3242
-3860 -3962 -3328
-3860 -3855 -3603
-3860 -3848 -3624
-3860 -3743 -3747
-3860 -3713 -3763
-3859 -3971 -3166
-3859 -3916 -3482
-3859 -3820 -3673
-3859 -3723 -3761
-3859 -3529 -3859
-3858 -3888 -3538
-3858 -3745 -3741
-3857 -3968 -3184
-3857 -3914 -3499
-3857 -3704 -3766
-3857 -3504 -3863
-3856 -3972 -3195
-3856 -3932 -3434
-3856 -3917 -3480
-3856 -3782 -3700
-3856 -3767 -3707
-3856 -3721 -3765
-3855 -3969 -3315
-3855 -3679 -3806
-3854 -3953 -3366
-3854 -3923 -3452
-3854 -3908 -3524
-3854 -3885 -3564
-3854 -3770 -3706
-3854 -3764 -3715
-3854 -3760 -3733
-3854 -3713 -3775
-3854 -3505 -3860
-3853 -3888 -3545
-3853 -3762 -3720
-3853 -3739 -3767
-3853 -3691 -3793
-3852 -3742 -3748
-3851 -3850 -3604
-3851 -3796 -3688
-3851 -3404 -3875
-3850 -3703 -3778
-3849 -3972 -3217
-3849 -3875 -3574
-3849 -3799 -3677
-3849 -3774 -3721
-3849 -3584 -3837
-3848 -3673 -3812
-3847 -3806 -3684
-3847 -3792 -3689
-3846 -3895 -3550
-3846 -3792 -3700
-3846 -3653 -3814
-3845 -3853 -3624
-3845 -3784 -3717
-3845 -3637 -3823
-3844 -3918 -3473
-3844 -3856 -3605
-3844 -3766 -3737
-3844 -3467 -3870
-3843 -3926 -3468
-3843 -3612 -3837
-3843 -3389 -3876
-3842 -3973 -3145
-3842 -3929 -3447
-3842 -3915 -3495
-3842 -3896 -3533
-3842 -3744 -3770
-3842 -3513 -3860
-3841 -3970 -3237
-3841 -3948 -3404
-3841 -3685 -3798
-3840 -3897 -3533
-3840 -3628 -3826
-3840 -3521 -3862
-3840 -3353 -3887
-3839 -3974 -3174
-3839 -3747 -3746
-3838 -3971 -3266
-3838 -3932 -3447
-3838 -3892 -3558
-3837 -3975 -3247
-3837 -3840 -3650
-3837 -3678 -3815
-3836 -3964 -3321
-3836 -3938 -3437
-3836 -3867 -3588
-3836 -3799 -3690
-3836 -3359 -3877
-3835 -3936 -3454
-3834 -3918 -3483
-3834 -3774 -3726
-3833 -3645 -3823
-3833 -3416 -3882
-3832 -3716 -3772
-3831 -3964 -3322
-3831 -3951 -3387
-3831 -3932 -3479
-3831 -3920 -3484
-3831 -3704 -3781
-3831 -3561 -3850
-3830 -3959 -3332
-3830 -3880 -3571
-3830 -3824 -3657
-3830 -3776 -3733
-3830 -3755 -3740
-3829 -3910 -3525
-3829 -3534 -3853
-3828 -3940 -3439
-3828 -3696 -3787
-3828 -3615 -3833
-3827 -3950 -3391
-3827 -3923 -3480
-3827 -3746 -3761
-3827 -3321 -3888
-3826 -3958 -3374
-3826 -3890 -3562
-3826 -3794 -3699
-3826 -3749 -3742
-3826 -3369 -3889
-3825 -3976 -3201
-3825 -3872 -3591
-3825 -3710 -3778
-3824 -3917 -3505
-3824 -3856 -3623
-3824 -3814 -3684
-3824 -3650 -3816
-3824 -3447 -3872
-3823 -3976 -3227
-3823 -3966 -3385
-3823 -3801 -3691
-3823 -3645 -3825
-3822 -3977 -3230
-3822 -3973 -3248
-3822 -3900 -3539
-3822 -3886 -3587
-3822 -3874 -3592
-3822 -3857 -3603
-3822 -3822 -3671
-3822 -3815 -3692
-3822 -3787 -3707
-3822 -3680 -3806
-3822 -3535 -3858
-3821 -3825 -3652
-3821 -3779 -3724
-3821 -3591 -3854
-3820 -3977 -3256
-3820 -3950 -3423
-3820 -3937 -3450
-3820 -3864 -3633
-3820 -3709 -3784
-3819 -3621 -3838
-3818 -3877 -3588
-3818 -3781 -3725
-3818 -3685 -3805
-3817 -3896 -3544
-3817 -3527 -3860
-3816 -3697 -3792
-3816 -3623 -3833
-3816 -3433 -3881
-3815 -3953 -3411
-3815 -3940 -3460
-3815 -3871 -3613
-3814 -3970 -3272
-3814 -3887 -3565
-3813 -3913 -3506
-3813 -3904 -3554
-3813 -3624 -3830
-3812 -3658 -3816
-3811 -3982 -3157
-3811 -3838 -3660
-3811 -3786 -3711
-3811 -3711 -3780
-3811 -3699 -3785
-3810 -3688 -3806
-3809 -3955 -3394
-3809 -3932 -3486
-3809 -3728 -3773
-3809 -3709 -3789
-3809 -3617 -3839
-3809 -3473 -3867
-3808 -3983 -3186
-3808 -3911 -3534
-3807 -3721 -3776
-3807 -3473 -3869
-3806 -3968 -3336
-3806 -3894 -3568
-3806 -3823 -3673
-3805 -3973 -3291
-3804 -3958 -3404
-3803 -3937 -3477
-3803 -3249 -3892
-3802 -3922 -3498
-3802 -3753 -3744
-3801 -3749 -3752
-3800 -3908 -3542
-3800 -3479 -3864
-3800 -3376 -3884
-3800 -3359 -3891
-3799 -3942 -3435
-3799 -3750 -3760
-3798 -3978 -3253
-3798 -3971 -3293
-3798 -3968 -3386
-3798 -3886 -3588
-3798 -3881 -3594
-3798 -3817 -3678
-3798 -3810 -3699
-3798 -3287 -3898
-3797 -3799 -3701
-3797 -3618 -3840
-3797 -3503 -3873
-3796 -3840 -3651
-3796 -3741 -3794
-3796 -3539 -3855
-3796 -3505 -3869
-3796 -3454 -3874
-3795 -3970 -3316
-3795 -3924 -3503
-3795 -3912 -3512
-3795 -3744 -3775
-3794 -3970 -3320
-3793 -3908 -3574
-3793 -3782 -3718
-3793 -3705 -3805
-3793 -3509 -3863
-3793 -3439 -3879
-3791 -3926 -3509
-3790 -3873 -3614
-3789 -3979 -3207
-3789 -3755 -3741
-3789 -3529 -3864
-3789 -3517 -3869
-3788 -3974 -3287
-3788 -3758 -3740
-3787 -3597 -3845
-3787 -3479 -3877
-3786 -3792 -3707
-3785 -3759 -3738
-3785 -3626 -3840
-3784 -3984 -3190
-3784 -3752 -3751
-3783 -3949 -3425
-3783 -3913 -3535
-3783 -3909 -3536
-3783 -3758 -3741
-3782 -3975 -3257
-3782 -3973 -3293
-3782 -3972 -3320
-3782 -3926 -3518
-3782 -3627 -3837
-3782 -3438 -3883
-3781 -3974 -3319
-3781 -3970 -3337
-3781 -3947 -3438
-3781 -3820 -3674
-3780 -3984 -3258
-3780 -3944 -3453
-3780 -3880 -3601
-3780 -3533 -3859
-3779 -3976 -3288
-3779 -3974 -3322
-3779 -3945 -3440
-3779 -3869 -3615
-3779 -3840 -3654
-3779 -3768 -3738
-3779 -3629 -3832
-3778 -3943 -3460
-3778 -3939 -3478
-3778 -3821 -3678
-3778 -3785 -3714
-3777 -3847 -3648
-3776 -3977 -3317
-3776 -3949 -3457
-3776 -3832 -3671
-3776 -3799 -3711
-3776 -3546 -3857
-3775 -3973 -3325
-3775 -3745 -3767
-3775 -3605 -3845
-3774 -3561 -3858
-3773 -3985 -3148
-3773 -3920 -3522
-3773 -3805 -3728
-3773 -3651 -3821
-3773 -3613 -3847
-3772 -3974 -3354
-3772 -3808 -3709
-3772 -3546 -3863
-3772 -3417 -3888
-3771 -3948 -3470
-3771 -3767 -3739
-3770 -3986 -3177
-3770 -3895 -3575
-3770 -3769 -3739
-3769 -3986 -3239
-3769 -3978 -3269
-3769 -3829 -3672
-3768 -3987 -3308
-3768 -3943 -3471
-3768 -3823 -3674
-3768 -3786 -3737
-3768 -3751 -3754
-3768 -3509 -3871
-3766 -3845 -3649
-3766 -3763 -3754
-3765 -3978 -3318
-3765 -3631 -3826
-3764 -3970 -3380
-3764 -3888 -3582
-3764 -3587 -3855
-3763 -3935 -3496
-3763 -3910 -3540
-3763 -3651 -3822
-3762 -3887 -3588
-3762 -3875 -3610
-3762 -3562 -3859
-3762 -3315 -3898
-3761 -3987 -3340
-3761 -3918 -3530
-3761 -3816 -3698
-3761 -3685 -3813
-3760 -3957 -3413
-3760 -3930 -3497
-3760 -3853 -3656
-3760 -3819 -3679
-3760 -3554 -3863
-3759 -3951 -3433
-3759 -3949 -3460
-3759 -3856 -3637
-3759 -3670 -3820
-3759 -3633 -3834
-3758 -3394 -3890
-3757 -3961 -3415
-3757 -3928 -3503
-3757 -3810 -3700
-3757 -3787 -3738
-3757 -3355 -3894
-3756 -3950 -3461
-3756 -3832 -3672
-3756 -3634 -3831
-3756 -3445 -3878
-3755 -3521 -3867
-3754 -3988 -3230
-3754 -3971 -3412
-3754 -3928 -3507
-3754 -3920 -3534
-3754 -3885 -3602
-3754 -3878 -3623
-3754 -3862 -3636
-3754 -3638 -3826
-3754 -3356 -3892
-3753 -3989 -3101
-3753 -3893 -3577
-3753 -3823 -3679
-3753 -3645 -3830
-3753 -3633 -3835
-3752 -3840 -3682
-3752 -3523 -3868
-3751 -3989 -3259
-3751 -3936 -3486
-3751 -3843 -3663
-3751 -3770 -3742
-3751 -3579 -3864
-3750 -3993 -3161
-3750 -3462 -3879
-3750 -3242 -3900
-3749 -3954 -3421
-3749 -3678 -3820
-3749 -3525 -3866
-3748 -3990 -3176
-3748 -3955 -3419
-3748 -3937 -3487
-3747 -3994 -3190
-3746 -3978 -3366
-3746 -3958 -3438
-3746 -3660 -3824
-3746 -3330 -3896
-3746 -3318 -3901
-3745 -3925 -3520
-3745 -3880 -3603
-3745 -3686 -3822
-3745 -3477 -3878
-3744 -3941 -3472
-3743 -3963 -3413
-3742 -3938 -3482
-3742 -3650 -3833
-3742 -3603 -3848
-3741 -3752 -3757
-3741 -3540 -3866
-3740 -3526 -3871
-3740 -3425 -3887
-3739 -3990 -3193
-3739 -3980 -3349
-3739 -3976 -3367
-3739 -3922 -3525
-3738 -3751 -3766
-3738 -3551 -3865
-3737 -3951 -3440
-3737 -3912 -3546
-3736 -3619 -3846
-3735 -3665 -3827
-3733 -3915 -3538
-3733 -3488 -3882
-3732 -3862 -3643
-3732 -3810 -3710
-3732 -3676 -3826
-3731 -3995 -3070
-3731 -3909 -3551
-3731 -3865 -3624
-3731 -3710 -3795
-3731 -3427 -3885
-3730 -3944 -3474
-3730 -3940 -3492
-3730 -3688 -3813
-3730 -3592 -3857
-3730 -3443 -3883
-3729 -3891 -3579
-3729 -3887 -3597
-3729 -3818 -3686
-3729 -3775 -3750
-3729 -3640 -3837
-3728 -3996 -3099
-3728 -3622 -3847
-3728 -3530 -3870
-3727 -3993 -3243
-3727 -3750 -3770
-3727 -3593 -3854
-3727 -3556 -3868
-3727 -3491 -3883
-3727 -3248 -3907
-3726 -3374 -3898
-3725 -3966 -3413
-3725 -3716 -3798
-3724 -3894 -3583
-3723 -3972 -3384
-3723 -3753 -3757
-3723 -3650 -3834
-3722 -3995 -3153
-3722 -3933 -3508
-3722 -3927 -3518
-3722 -3896 -3589
-3722 -3764 -3758
-3721 -3927 -3528
-3721 -3681 -3829
-3721 -3400 -3890
-3721 -3389 -3897
-3720 -3996 -3150
-3720 -3951 -3443
-3719 -3962 -3418
-3718 -3774 -3754
-3717 -3953 -3439
-3717 -3922 -3532
-3717 -3845 -3657
-3717 -3467 -3887
-3716 -3690 -3806
-3716 -3197 -3909
-3715 -3776 -3752
-3715 -3427 -3889
-3715 -3335 -3900
-3715 -3285 -3902
-3714 -3975 -3395
-3714 -3893 -3597
-3714 -3777 -3741
-3714 -3675 -3835
-3714 -3546 -3872
-3713 -3914 -3554
-3712 -3953 -3441
-3712 -3868 -3627
-3712 -3494 -3879
-3711 -3995 -3201
-3711 -3845 -3664
-3711 -3639 -3846
-3710 -3962 -3453
-3710 -3945 -3472
-3710 -3759 -3761
-3709 -3909 -3558
-3709 -3520 -3874
-3708 -3988 -3309
-3708 -3917 -3539
-3707 -4001 -3193
-3707 -3988 -3313
-3707 -3933 -3518
-3707 -3416 -3892
-3706 -3994 -3258
-3706 -3935 -3499
-3706 -3880 -3623
-3706 -3531 -3873
-3706 -3504 -3876
-3705 -3977 -3387
-3705 -3911 -3564
-3705 -3821 -3683
-3704 -3941 -3478
-3704 -3855 -3653
-3703 -3989 -3279
-3703 -3745 -3777
-3703 -3495 -3884
-3703 -3468 -3887
-3703 -3392 -3895
-3702 -3949 -3479
-3702 -3753 -3764
-3702 -3706 -3808
-3702 -3456 -3888
-3701 -3597 -3851
-3701 -3563 -3865
-3701 -3443 -3891
-3700 -3989 -3302
-3700 -3886 -3605
-3700 -3808 -3719
-3699 -3920 -3544
-3699 -3647 -3846
-3698 -3983 -3376
-3698 -3817 -3691
-3698 -3599 -3852
-3698 -3273 -3903
-3697 -3991 -3296
-3697 -3990 -3331
-3697 -3898 -3590
-3696 -3992 -3261
-3696 -3951 -3462
-3696 -3900 -3583
-3696 -3811 -3706
-3696 -3510 -3878
-3695 -3902 -3576
-3695 -3848 -3664
-3695 -3777 -3744
-3695 -3536 -3876
-3694 -3995 -3229
-3694 -3946 -3487
-3694 -3874 -3625
-3694 -3769 -3761
-3693 -3856 -3654
-3693 -3854 -3657
-3693 -3790 -3741
-3693 -3158 -3910
-3692 -3998 -3283
-3692 -3964 -3422
-3692 -3941 -3489
-3692 -3924 -3533
-3692 -3840 -3686
-3692 -3537 -3873
-3692 -3395 -3895
-3692 -3341 -3907
-3691 -3903 -3581
-3691 -3832 -3703
-3690 -3888 -3604
-3690 -3458 -3891
-3689 -3954 -3458
-3689 -3857 -3644
-3688 -3942 -3497
-3688 -3863 -3634
-3688 -3861 -3650
-3688 -3594 -3853
-3687 -3889 -3602
-3687 -3835 -3690
-3687 -3496 -3879
-3687 -3355 -3899
-3687 -3343 -3904
-3686 -3957 -3460
-3686 -3934 -3507
-3686 -3861 -3651
-3685 -3968 -3436
-3685 -3964 -3454
-3684 -3687 -3828
-3684 -3398 -3893
-3683 -4008 -3120
-3683 -3928 -3525
-3683 -3855 -3676
-3683 -3328 -3911
-3682 -3443 -3892
-3681 -3910 -3568
-3681 -3253 -3913
-3681 -3241 -3918
-3680 -4002 -3210
-3680 -3971 -3434
-3680 -3929 -3523
-3680 -3865 -3642
-3680 -3474 -3887
-3679 -3888 -3614
-3679 -3619 -3854
-3679 -3407 -3903
-3678 -3954 -3468
-3678 -3746 -3772
-3678 -3701 -3815
-3678 -3368 -3907
-3676 -3951 -3490
-3676 -3922 -3544
-3676 -3918 -3562
-3676 -3895 -3597
-3675 -3863 -3646
-3675 -3811 -3713
-3675 -3711 -3812
-3674 -3977 -3392
-3673 -3897 -3594
-3673 -3567 -3867
-3672 -3928 -3535
-3671 -3925 -3542
-3671 -3876 -3625
-3671 -3875 -3640
-3671 -3448 -3895
-3669 -3972 -3435
-3669 -3785 -3748
-3669 -3689 -3819
-3668 -3956 -3467
-3667 -4000 -3233
-3667 -3500 -3879
-3666 -3984 -3346
-3665 -4003 -3138
-3665 -3973 -3425
-3665 -3718 -3799
-3664 -3937 -3504
-3663 -3999 -3235
-3663 -3863 -3651
-3662 -3745 -3778
-3662 -3720 -3800
-3661 -3959 -3461
-3661 -3815 -3704
-3661 -3438 -3900
-3660 -4003 -3140
-3660 -4000 -3264
-3660 -3992 -3286
-3660 -3943 -3493
-3660 -3926 -3543
-3660 -3713 -3803
-3659 -3975 -3398
-3659 -3941 -3504
-3659 -3910 -3575
-3659 -3461 -3889
-3659 -3256 -3915
-3658 -4003 -3190
-3658 -3930 -3521
-3658 -3542 -3875
-3657 -3759 -3766
-3657 -3581 -3858
-3656 -3517 -3877
-3654 -3985 -3358
-3654 -3944 -3499
-3654 -3940 -3517
-3654 -3905 -3579
-3654 -3599 -3855
-3654 -3583 -3859
-3653 -4001 -3258
-3653 -3991 -3311
-3653 -3794 -3734
-3653 -3769 -3762
-3653 -3161 -3921
-3652 -3986 -3371
-3652 -3950 -3496
-3652 -3913 -3569
-3652 -3742 -3787
-3651 -3986 -3387
-3651 -3897 -3601
-3651 -3858 -3653
-3650 -4002 -3237
-3650 -3992 -3320
-3649 -4006 -3216
-3649 -3999 -3321
-3649 -3989 -3334
-3649 -3789 -3748
-3649 -3760 -3763
-3649 -3631 -3847
-3648 -3410 -3901
-3647 -3978 -3428
-3647 -3945 -3500
-3646 -4007 -3245
-3646 -4003 -3263
-3646 -3981 -3389
-3646 -3931 -3525
-3646 -3927 -3543
-3646 -3892 -3612
-3644 -3937 -3522
-3643 -3507 -3881
-3643 -3480 -3886
-3642 -4001 -3304
-3642 -3860 -3658
-3642 -3586 -3862
-3642 -3570 -3865
-3641 -3991 -3348
-3641 -3776 -3774
-3641 -3713 -3806
-3641 -3707 -3814
-3640 -3966 -3445
-3639 -4008 -3239
-3639 -3942 -3508
-3639 -3932 -3533
-3638 -3879 -3638
-3637 -3988 -3379
-3637 -3517 -3878
-3637 -3310 -3912
-3636 -3934 -3530
-3636 -3931 -3536
-3636 -3724 -3797
-3636 -3366 -3908
-3635 -3548 -3873
-3635 -3283 -3913
-3634 -3912 -3576
-3634 -3903 -3582
-3634 -3481 -3889
-3634 -3454 -3894
-3633 -3993 -3350
-3633 -3809 -3716
-3633 -3196 -3920
-3632 -3953 -3471
-3632 -3814 -3706
-3632 -3731 -3798
-3632 -3549 -3870
-3632 -3456 -3893
-3632 -3444 -3898
-3631 -4015 -3193
-3631 -3998 -3335
-3631 -3919 -3559
-3630 -3964 -3457
-3630 -3935 -3524
-3629 -3791 -3738
-3629 -3551 -3874
-3627 -3965 -3456
-3627 -3952 -3497
-3627 -3949 -3520
-3627 -3937 -3525
-3625 -4006 -3248
-3625 -3927 -3566
-3625 -3784 -3755
-3624 -3833 -3700
-3624 -3497 -3885
-3624 -3405 -3908
-3622 -4007 -3247
-3622 -3959 -3477
-3622 -3818 -3712
-3622 -3785 -3753
-3622 -3262 -3914
-3621 -3498 -3882
-3620 -4011 -3321
-3619 -3527 -3878
-3618 -3967 -3487
-3618 -3509 -3881
-3618 -3500 -3886
-3616 -3907 -3585
-3614 -3864 -3652
-3613 -3987 -3390
-3613 -3983 -3408
-3613 -3909 -3583
-3613 -3317 -3914
-3612 -3998 -3347
-3612 -3929 -3537
-3612 -3901 -3600
-3612 -3884 -3615
-3612 -3289 -3920
-3611 -3487 -3889
-3611 -3460 -3892
-3609 -3878 -3640
-3609 -3506 -3882
-3608 -3894 -3611
-3608 -3368 -3912
-3608 -3356 -3917
-3607 -3910 -3590
-3607 -3862 -3661
-3607 -3514 -3884
-3605 -3896 -3609
-3605 -3892 -3618
-3605 -3888 -3636
-3605 -3592 -3861
-3605 -3116 -3923
-3603 -3840 -3689
-3602 -3987 -3394
-3602 -3461 -3897
-3601 -3934 -3539
-3600 -3982 -3413
-3600 -3409 -3904
-3599 -3849 -3687
-3598 -3928 -3557
-3598 -3554 -3872
-3597 -3989 -3373
-3597 -3195 -3921
-3593 -3954 -3500
-3592 -3993 -3361
-3592 -3969 -3439
-3592 -3902 -3592
-3589 -4016 -3065
-3588 -3919 -3569
-3588 -3820 -3706
-3586 -4017 -3094
-3586 -3897 -3615
-3585 -3941 -3526
-3584 -4013 -3195
-3584 -3932 -3548
-3584 -3465 -3890
-3583 -3426 -3903
-3581 -3961 -3512
-3581 -3467 -3894
-3579 -3937 -3536
-3577 -4016 -3102
-3574 -3493 -3888
-3573 -3990 -3364
-3572 -3727 -3800
-3572 -3473 -3890
-3568 -3793 -3735
-3566 -3867 -3643
-3566 -3753 -3775
-3565 -4016 -3151
-3565 -4013 -3238
-3565 -3467 -3896
-3564 -3893 -3618
-3563 -3498 -3891
-3562 -4018 -3085
-3562 -4017 -3180
-3561 -4002 -3327
-3561 -3973 -3460
-3559 -3917 -3574
-3559 -3555 -3871
-3559 -3224 -3921
-3558 -4004 -3331
-3556 -4012 -3246
-3555 -4021 -3100
-3554 -3191 -3924
-3553 -4013 -3275
-3553 -3870 -3643
-3552 -4022 -3129
-3552 -4018 -3147
-3551 -3902 -3593
-3551 -3865 -3645
-3550 -3470 -3892
-3549 -4006 -3326
-3549 -4002 -3344
-3549 -3431 -3905
-3546 -4011 -3343
-3545 -3902 -3597
-3545 -3857 -3669
-3544 -3818 -3713
-3543 -4021 -3137
-3543 -3889 -3619
-3541 -4014 -3229
-3541 -3871 -3647
-3539 -4012 -3295
-3539 -3909 -3605
-3539 -3471 -3893
-3539 -3410 -3910
-3539 -3178 -3926
-3538 -4021 -3164
-3537 -3517 -3881
-3535 -3946 -3525
-3535 -3942 -3543
-3534 -3978 -3432
-3532 -3219 -3926
-3531 -4018 -3216
-3531 -3919 -3573
-3531 -3436 -3901
-3529 -3997 -3372
-3529 -3863 -3653
-3528 -4022 -3131
-3528 -3227 -3928
-3527 -3933 -3551
-3527 -3929 -3569
-3526 -3989 -3380
-3526 -3982 -3435
-3526 -3382 -3911
-3525 -3873 -3649
-3525 -3282 -3921
-3524 -3306 -3920
-3523 -4015 -3220
-3522 -3993 -3374
-3522 -3561 -3870
-3521 -3984 -3398
-3520 -3988 -3393
-3520 -3984 -3408
-3519 -4014 -3230
-3517 -4000 -3402
-3517 -3235 -3922
-3516 -4022 -3154
-3515 -3383 -3912
-3514 -3453 -3900
-3514 -3243 -3923
-3511 -3937 -3550
-3510 -3416 -3908
-3504 -3222 -3935
-3502 -3461 -3900
-3501 -4017 -3240
-3500 -3301 -3927
-3494 -4023 -3170
-3494 -4019 -3188
-3491 -3977 -3452
-3490 -4023 -3192
-3487 -4024 -3221
-3487 -4002 -3349
-3485 -4019 -3265
-3483 -3864 -3660
-3482 -4026 -3200
-3480 -3458 -3902
-3479 -3364 -3914
-3471 -3985 -3415
-3468 -3970 -3478
-3467 -4018 -3279
-3467 -4014 -3297
-3467 -3318 -3918
-3465 -3557 -3871
-3462 -3521 -3882
-3460 -3291 -3929
-3458 -4027 -3191
-3458 -3321 -3919
-3458 -3305 -3922
-3457 -3501 -3885
-3456 -3370 -3921
-3456 -3177 -3937
-3449 -4003 -3352
-3443 -4022 -3263
-3443 -4018 -3281
-3440 -3518 -3884
-3435 -3311 -3929
-3430 -3377 -3915
-3428 -4029 -3136
-3428 -3526 -3884
-3423 -3387 -3912
-3416 -3255 -3930
-3412 -3246 -3931
-3411 -4026 -3207
-3408 -3325 -3923
-3404 -3438 -3903
-3402 -4020 -3272
-3399 -3382 -3919
-3390 -4023 -3302
-3387 -3266 -3931
-3373 -4031 -3053
-3352 -4031 -3081
-3335 -4032 -3114
-3335 -4025 -3219
-3332 -4033 -3143
-3332 -4029 -3161
-3322 -4034 -3110
-3308 -4033 -3145
-3264 -4035 -3151
